





*** New Data serie ***
3 704 776 704 921 1 1 1 1 
1 
3 706 776 704 921 1 1 1 1 
1 
3 706 776 704 921 1 1 1 1 
1 
3 706 776 704 921 1 1 1 1 
3 706 776 704 921 1 1 1 1 
3 706 776 704 921 1 1 1 1 
1 
3 705 776 708 921 1 1 1 1 
3 706 776 704 921 1 1 1 1 
1 
3 706 776 704 921 1 1 1 1 
1 
3 726 776 701 921 1 1 1 1 
2 
2 
3 709 776 704 922 1 1 1 1 
3 714 776 701 921 1 1 1 1 
1 
3 704 776 706 921 1 1 1 1 
3 706 776 704 923 1 1 1 1 
1 
3 706 776 706 923 1 1 1 1 
1 
3 724 772 708 923 1 1 1 1 
1 
2 
3 702 772 704 923 1 1 1 1 
1 
3 724 772 706 923 1 1 1 1 
3 724 772 704 923 1 1 1 1 
1 
3 714 774 701 921 1 1 1 1 
1 
3 704 774 706 922 1 1 1 1 
1 
2 
3 704 776 704 923 1 1 1 1 
1 
3 698 776 702 920 1 1 1 1 
1 
3 726 776 706 923 1 1 1 1 
3 706 772 706 921 1 1 1 1 
3 722 774 708 923 1 1 1 1 
1 
1 
3 720 774 710 923 1 1 1 1 
3 716 772 710 923 1 1 1 1 
3 720 774 706 923 1 1 1 1 
1 
3 722 774 708 923 1 1 1 1 
1 
3 704 774 706 922 1 1 1 1 
3 720 776 708 923 1 1 1 1 
3 710 776 700 921 1 1 1 1 
3 724 776 706 923 1 1 1 1 
3 710 777 700 921 1 1 1 1 
3 710 776 700 921 1 1 1 1 
1 
2 
3 724 776 706 923 1 1 1 1 
1 
3 696 778 702 919 1 1 1 1 
1 
1 
3 696 778 702 919 1 1 1 1 
1 
3 696 778 702 919 1 1 1 1 
3 696 778 702 919 1 1 1 1 
1 
3 720 776 708 923 1 1 1 1 
1 
3 712 776 706 923 1 1 1 1 
2 
3 716 776 706 921 1 1 1 1 
3 712 776 706 921 1 1 1 1 
1 
3 710 776 700 921 1 1 1 1 
3 716 776 702 921 1 1 1 1 
1 
1 
1 
1 
3 716 778 696 919 1 1 1 1 
1 
3 722 776 700 919 1 1 1 1 
2 
3 720 778 700 921 1 1 1 1 
3 722 778 700 921 1 1 1 1 
3 720 777 700 921 1 1 1 1 
3 720 776 706 921 1 1 1 1 
3 706 776 704 922 1 1 1 1 
3 722 776 700 921 1 1 1 1 
1 
3 720 777 700 921 1 1 1 1 
3 716 776 700 921 1 1 1 1 
3 720 778 698 921 1 1 1 1 
3 714 774 712 923 1 1 1 1 
3 716 775 716 923 1 1 1 1 
3 712 776 714 923 1 1 1 1 
3 712 776 714 923 1 1 1 1 
3 716 776 704 923 1 1 1 1 
3 710 776 700 921 1 1 1 1 
2 
3 718 776 700 921 1 1 1 1 
3 714 776 714 923 1 1 1 1 
3 720 776 700 921 1 1 1 1 
3 710 776 700 921 1 1 1 1 
3 712 776 714 923 1 1 1 1 
3 714 774 712 923 1 1 1 1 
3 720 776 700 919 1 1 1 1 
3 710 776 700 921 1 1 1 1 
3 718 776 714 923 1 1 1 1 
3 710 776 700 921 1 1 1 1 
3 720 776 700 921 1 1 1 1 
3 710 776 700 921 1 1 1 1 
3 718 776 714 923 1 1 1 1 
3 716 776 700 921 1 1 1 1 
3 724 776 700 921 1 1 1 1 
1 
3 712 774 712 923 1 1 1 1 
1 
3 714 776 715 923 1 1 1 1 
1 
3 725 776 700 921 1 1 1 1 
1 
3 720 776 704 923 1 1 1 1 
1 
3 724 776 706 923 1 1 1 1 
1 
3 716 776 704 921 1 1 1 1 
3 698 778 702 921 1 1 1 1 
1 
3 716 776 706 923 1 1 1 1 
1 
3 696 778 700 920 1 1 1 1 
1 
3 721 776 710 923 1 1 1 1 
3 721 776 708 923 1 1 1 1 
3 724 776 705 923 1 1 1 1 
3 710 776 710 923 1 1 1 1 
1 
1 
3 710 776 701 922 1 1 1 1 
3 724 776 705 923 1 1 1 1 
3 722 776 705 923 1 1 1 1 
1 
3 710 776 701 922 1 1 1 1 
1 
3 710 776 701 922 1 1 1 1 
1 
3 710 776 701 922 1 1 1 1 
1 
3 710 776 701 922 1 1 1 1 
1 
3 714 776 708 923 1 1 1 1 
3 710 776 701 922 1 1 1 1 
3 708 776 710 923 1 1 1 1 
1 
3 708 776 710 923 1 1 1 1 
3 706 776 710 923 1 1 1 1 
1 
3 708 776 710 923 1 1 1 1 
1 
3 710 776 701 922 1 1 1 1 
1 
3 707 776 718 923 1 1 1 1 
1 
3 716 776 710 923 1 1 1 1 
1 
3 708 776 710 923 1 1 1 1 
3 708 776 710 923 1 1 1 1 
3 710 776 701 922 1 1 1 1 
3 710 776 701 922 1 1 1 1 
3 714 776 708 923 1 1 1 1 
1 
3 708 776 710 923 1 1 1 1 
3 709 776 712 923 1 1 1 1 
1 
3 708 776 710 923 1 1 1 1 
1 
3 716 776 710 923 1 1 1 1 
1 
3 710 776 704 923 1 1 1 1 
3 720 776 706 923 1 1 1 1 
1 
3 722 777 702 923 1 1 1 1 
1 
3 722 778 698 921 1 1 1 1 
1 
3 721 776 708 923 1 1 1 1 
1 
3 721 776 710 923 1 1 1 1 
3 721 776 710 923 1 1 1 1 
1 
3 710 776 712 923 1 1 1 1 
3 724 776 712 923 1 1 1 1 
3 710 776 708 923 1 1 1 1 
3 702 776 705 923 1 1 1 1 
3 702 776 705 923 1 1 1 1 
3 710 776 708 923 1 1 1 1 
1 
3 710 776 708 923 1 1 1 1 
1 
3 702 776 705 922 1 1 1 1 
1 
3 726 776 705 923 1 1 1 1 
3 704 776 706 923 1 1 1 1 
1 
3 726 776 705 923 1 1 1 1 
3 713 776 708 923 1 1 1 1 
1 
3 710 776 708 923 1 1 1 1 
1 
3 713 776 708 923 1 1 1 1 
1 
3 704 776 706 923 1 1 1 1 
1 
3 709 776 712 923 1 1 1 1 
3 710 776 708 923 1 1 1 1 
3 706 776 712 922 1 1 1 1 
3 706 776 712 923 1 1 1 1 
3 710 776 708 923 1 1 1 1 
3 706 776 712 923 1 1 1 1 
1 
3 710 776 708 923 1 1 1 1 
3 702 776 705 923 1 1 1 1 
1 
3 702 776 705 922 1 1 1 1 
1 
3 702 776 705 922 1 1 1 1 
1 
3 710 776 708 923 1 1 1 1 
1 
3 706 776 712 923 1 1 1 1 
1 
3 705 776 705 923 1 1 1 1 
1 
3 704 776 706 923 1 1 1 1 
1 
3 709 776 712 923 1 1 1 1 
1 
3 702 776 705 922 1 1 1 1 
1 
3 704 776 706 923 1 1 1 1 
1 
3 709 776 712 923 1 1 1 1 
1 
3 706 776 712 923 1 1 1 1 
1 
3 708 774 706 923 1 1 1 1 
1 
3 706 776 704 923 1 1 1 1 
1 
3 702 776 705 922 1 1 1 1 
1 
3 706 776 712 923 1 1 1 1 
1 
3 702 776 705 922 1 1 1 1 
1 
1 
1 
1 
1 
1 
3 712 774 712 923 1 1 1 1 
1 
3 705 776 705 921 1 1 1 1 
3 713 776 708 923 1 1 1 1 
1 
3 709 776 712 923 1 1 1 1 
1 
3 704 776 706 921 1 1 1 1 
1 
3 706 776 712 922 1 1 1 1 
1 
3 713 776 712 923 1 1 1 1 
1 
3 709 776 712 923 1 1 1 1 
1 
3 702 776 705 921 1 1 1 1 
1 
3 702 776 705 922 1 1 1 1 
1 
3 708 776 706 923 1 1 1 1 
1 
3 709 776 712 923 1 1 1 1 
1 
3 709 776 712 923 1 1 1 1 
1 
3 709 776 712 923 1 1 1 1 
1 
3 705 776 705 921 1 1 1 1 
1 
3 702 776 705 921 1 1 1 1 
1 
3 709 776 712 923 1 1 1 1 
1 
3 709 776 712 923 1 1 1 1 
1 
3 702 776 705 922 1 1 1 1 
1 
3 709 776 712 923 1 1 1 1 
3 708 776 706 923 1 1 1 1 
1 
3 718 776 710 923 1 1 1 1 
1 
3 702 776 705 922 1 1 1 1 
1 
3 704 776 706 922 1 1 1 1 
1 
3 709 776 704 923 1 1 1 1 
1 
3 709 776 704 921 1 1 1 1 
1 
3 724 776 704 922 1 1 1 1 
1 
3 721 774 710 923 1 1 1 1 
1 
1 
3 705 776 705 923 1 1 1 1 
1 
3 705 776 705 923 1 1 1 1 
3 705 776 705 922 1 1 1 1 
1 
3 721 776 710 923 1 1 1 1 
3 721 776 710 923 1 1 1 1 
1 
3 708 776 706 923 1 1 1 1 
1 
3 709 776 712 923 1 1 1 1 
3 700 776 706 921 1 1 1 1 
3 713 776 712 923 1 1 1 1 
3 708 776 706 922 1 1 1 1 
3 709 776 712 923 1 1 1 1 
3 704 776 706 922 1 1 1 1 
3 704 776 706 922 1 1 1 1 
3 704 776 706 922 1 1 1 1 
3 709 776 712 923 1 1 1 1 
3 702 776 705 922 1 1 1 1 
3 704 776 706 921 1 1 1 1 
3 709 776 712 923 1 1 1 1 
3 709 776 712 923 1 1 1 1 
3 706 776 712 923 1 1 1 1 
3 704 776 706 923 1 1 1 1 
3 706 776 712 923 1 1 1 1 
3 726 776 702 921 1 1 1 1 
3 710 776 708 923 1 1 1 1 
3 709 776 712 923 1 1 1 1 
3 706 776 712 923 1 1 1 1 
3 704 776 706 923 1 1 1 1 
3 704 776 706 923 1 1 1 1 
3 704 776 706 922 1 1 1 1 
3 706 776 712 923 1 1 1 1 
3 704 776 706 923 1 1 1 1 
3 710 776 708 923 1 1 1 1 
3 712 776 718 923 1 1 1 1 
3 704 776 706 923 1 1 1 1 
3 706 772 712 923 1 1 1 1 
3 708 772 706 923 1 1 1 1 
3 706 772 712 925 1 1 1 1 
3 700 776 718 927 1 1 1 1 
3 706 776 709 923 1 1 1 1 
3 726 776 709 923 1 1 1 1 
3 706 776 712 923 1 1 1 1 
3 710 776 708 923 1 1 1 1 
3 706 776 712 923 1 1 1 1 
3 726 774 718 923 1 1 1 1 
3 706 776 712 923 1 1 1 1 
3 714 776 718 923 1 1 1 1 
1 
3 713 776 708 923 1 1 1 1 
1 
3 704 776 706 923 1 1 1 1 
3 726 776 712 923 1 1 1 1 
3 710 776 708 923 1 1 1 1 
3 704 776 706 923 1 1 1 1 
3 706 776 712 923 1 1 1 1 
1 
3 726 776 702 922 1 1 1 1 
3 706 776 712 923 1 1 1 1 
1 
3 724 776 712 923 1 1 1 1 
3 726 776 712 923 1 1 1 1 
3 726 776 712 923 1 1 1 1 
3 712 776 718 923 1 1 1 1 
3 710 776 708 923 1 1 1 1 
3 704 776 706 921 1 1 1 1 
3 726 776 712 923 1 1 1 1 
3 704 776 706 923 1 1 1 1 
1 
3 704 776 706 923 1 1 1 1 
1 
3 706 776 712 923 1 1 1 1 
1 
3 706 776 712 923 1 1 1 1 
3 704 776 706 923 1 1 1 1 
3 706 776 712 923 1 1 1 1 
3 710 776 708 923 1 1 1 1 
3 706 776 709 923 1 1 1 1 
3 724 776 712 923 1 1 1 1 
3 704 776 706 923 1 1 1 1 
3 724 776 704 923 1 1 1 1 
3 706 776 712 923 1 1 1 1 
3 706 776 712 923 1 1 1 1 
3 724 776 712 923 1 1 1 1 
3 724 776 712 923 1 1 1 1 
3 704 776 706 922 1 1 1 1 
3 710 776 708 923 1 1 1 1 
3 714 776 718 923 1 1 1 1 
3 704 776 706 922 1 1 1 1 
3 706 776 712 923 1 1 1 1 
3 704 776 706 923 1 1 1 1 
3 706 776 712 923 1 1 1 1 
3 704 776 712 922 1 1 1 1 
3 704 776 712 923 1 1 1 1 
3 726 776 712 923 1 1 1 1 
3 706 776 712 923 1 1 1 1 
3 704 776 706 921 1 1 1 1 
3 709 776 712 923 1 1 1 1 
1 
3 713 776 708 923 1 1 1 1 
3 713 776 708 923 1 1 1 1 
3 726 776 712 923 1 1 1 1 
3 726 776 705 922 1 1 1 1 
1 
3 713 776 708 923 1 1 1 1 
1 
3 712 776 710 923 1 1 1 1 
1 
3 709 776 712 923 1 1 1 1 
3 726 776 712 923 1 1 1 1 
3 709 776 710 923 1 1 1 1 
3 712 776 710 923 1 1 1 1 
1 
3 709 776 712 923 1 1 1 1 
1 
3 704 776 706 922 1 1 1 1 
1 
3 710 776 708 923 1 1 1 1 
1 
1 
3 726 776 702 921 1 1 1 1 
3 704 776 706 922 1 1 1 1 
1 
3 709 776 712 923 1 1 1 1 
1 
3 726 776 705 922 1 1 1 1 
1 
3 709 776 712 923 1 1 1 1 
1 
3 712 776 710 923 1 1 1 1 
3 709 776 710 923 1 1 1 1 
1 
3 726 776 702 921 1 1 1 1 
1 
3 712 776 710 923 1 1 1 1 
1 
3 704 776 712 921 1 1 1 1 
1 
3 706 776 712 922 1 1 1 1 
3 709 776 712 923 1 1 1 1 
3 709 776 710 923 1 1 1 1 
3 706 776 704 921 1 1 1 1 
1 
3 713 776 712 923 1 1 1 1 
1 
3 709 776 712 923 1 1 1 1 
1 
3 713 776 708 923 1 1 1 1 
1 
3 713 776 708 923 1 1 1 1 
1 
3 709 776 710 923 1 1 1 1 
1 
3 710 776 708 923 1 1 1 1 
1 
3 709 776 712 923 1 1 1 1 
1 
3 709 776 712 923 1 1 1 1 
1 
3 713 776 708 923 1 1 1 1 
1 
3 709 776 712 923 1 1 1 1 
1 
3 709 776 712 923 1 1 1 1 
3 709 776 712 923 1 1 1 1 
1 
3 713 776 708 921 1 1 1 1 
1 
3 709 776 712 923 1 1 1 1 
3 709 776 712 923 1 1 1 1 
1 
3 709 776 712 923 1 1 1 1 
1 
3 709 776 712 923 1 1 1 1 
1 
3 709 776 712 923 1 1 1 1 
3 709 776 712 923 1 1 1 1 
1 
3 709 776 712 923 1 1 1 1 
1 
3 700 776 706 921 1 1 1 1 
3 718 776 710 923 1 1 1 1 
1 
3 709 776 712 923 1 1 1 1 
3 724 776 709 923 1 1 1 1 
1 
3 708 776 708 923 1 1 1 1 
1 
3 708 776 708 922 1 1 1 1 
1 
3 720 776 704 921 1 1 1 1 
1 
3 720 776 700 921 1 1 1 1 
1 
3 720 776 700 920 1 1 1 1 
3 716 776 700 920 1 1 1 1 
1 
3 720 776 700 920 1 1 1 1 
1 
3 716 776 700 919 1 1 1 1 
1 
3 716 776 704 919 1 1 1 1 
3 716 776 704 921 1 1 1 1 
3 716 776 700 919 1 1 1 1 
3 725 776 700 921 1 1 1 1 
3 698 776 700 919 1 1 1 1 
3 698 776 700 919 1 1 1 1 
3 698 776 700 919 1 1 1 1 
3 698 774 700 923 1 1 1 1 
1 
3 698 776 700 923 1 1 1 1 
1 
3 700 776 700 921 1 1 1 1 
3 704 776 704 921 1 1 1 1 
1 
3 700 776 700 920 1 1 1 1 
1 
3 708 776 710 921 1 1 1 1 
3 720 776 710 923 1 1 1 1 
1 
3 700 776 700 919 1 1 1 1 
1 
3 700 776 700 919 1 1 1 1 
1 
3 722 776 714 923 1 1 1 1 
1 
3 720 776 704 921 1 1 1 1 
1 
3 724 776 700 919 1 1 1 1 
1 
3 714 776 704 921 1 1 1 1 
3 725 776 700 919 1 1 1 1 
1 
3 698 776 700 919 1 1 1 1 
1 
3 704 776 704 921 1 1 1 1 
1 
3 724 776 701 921 1 1 1 1 
1 
3 724 776 705 921 1 1 1 1 
1 
3 709 776 700 921 1 1 1 1 
1 
3 713 776 708 923 1 1 1 1 
3 725 776 710 923 1 1 1 1 
3 706 776 700 921 1 1 1 1 
3 706 776 700 921 1 1 1 1 
3 706 776 700 921 1 1 1 1 
3 713 776 708 923 1 1 1 1 
3 724 776 700 921 1 1 1 1 
3 722 776 708 923 1 1 1 1 
3 720 776 704 921 1 1 1 1 
1 
3 720 776 700 921 1 1 1 1 
1 
3 716 776 700 920 1 1 1 1 
1 
1 
1 
3 700 776 700 921 1 1 1 1 
3 724 776 705 921 1 1 1 1 
3 705 776 705 922 1 1 1 1 
1 
3 713 776 712 923 1 1 1 1 
1 
3 709 776 700 921 1 1 1 1 
1 
3 704 776 706 923 1 1 1 1 
1 
3 709 776 704 923 1 1 1 1 
3 705 776 705 923 1 1 1 1 
1 
3 726 776 705 923 1 1 1 1 
3 705 776 705 923 1 1 1 1 
1 
3 712 772 710 923 1 1 1 1 
3 705 772 705 923 1 1 1 1 
3 702 776 705 923 1 1 1 1 
3 726 772 705 923 1 1 1 1 
3 702 774 705 922 1 1 1 1 
3 704 772 706 922 1 1 1 1 
3 706 772 712 923 1 1 1 1 
3 714 774 712 923 1 1 1 1 
3 698 776 716 919 1 1 1 1 
1 
3 713 776 712 923 1 1 1 1 
3 713 776 712 923 1 1 1 1 
3 709 776 712 923 1 1 1 1 
3 708 776 706 923 1 1 1 1 
3 706 776 712 923 1 1 1 1 
3 710 776 712 923 1 1 1 1 
3 704 776 706 921 1 1 1 1 
3 704 776 706 921 1 1 1 1 
3 714 774 712 923 1 1 1 1 
3 698 776 716 920 1 1 1 1 
3 710 776 712 923 1 1 1 1 
3 710 776 708 923 1 1 1 1 
3 708 776 706 923 1 1 1 1 
3 704 776 706 923 1 1 1 1 
1 
3 710 776 708 923 1 1 1 1 
3 710 776 708 923 1 1 1 1 
3 724 776 716 923 1 1 1 1 
3 710 776 708 923 1 1 1 1 
3 724 776 718 923 1 1 1 1 
3 706 776 704 923 1 1 1 1 
3 706 776 704 923 1 1 1 1 
3 724 776 716 923 1 1 1 1 
3 710 776 708 923 1 1 1 1 
3 710 776 708 923 1 1 1 1 
3 706 776 700 921 1 1 1 1 
3 710 776 708 923 1 1 1 1 
3 706 776 700 921 1 1 1 1 
3 710 776 708 923 1 1 1 1 
3 710 776 708 923 1 1 1 1 
3 706 776 700 922 1 1 1 1 
3 706 776 700 921 1 1 1 1 
3 710 776 708 923 1 1 1 1 
3 706 776 700 922 1 1 1 1 
3 706 776 700 922 1 1 1 1 
3 706 776 700 922 1 1 1 1 
3 706 776 700 922 1 1 1 1 
3 724 776 700 922 1 1 1 1 
3 706 776 700 922 1 1 1 1 
3 706 776 700 922 1 1 1 1 
1 
3 706 776 700 923 1 1 1 1 
3 706 776 700 922 1 1 1 1 
1 
3 706 776 712 923 1 1 1 1 
3 702 776 708 923 1 1 1 1 
3 724 776 708 923 1 1 1 1 
3 706 776 700 923 1 1 1 1 
1 
3 706 777 700 922 1 1 1 1 
3 708 776 712 923 1 1 1 1 
3 708 778 700 922 1 1 1 1 
1 
3 726 778 700 922 1 1 1 1 
1 
3 726 776 712 923 1 1 1 1 
3 726 776 704 923 1 1 1 1 
1 
3 702 776 706 923 1 1 1 1 
1 
3 708 778 700 922 1 1 1 1 
1 
3 708 776 712 923 1 1 1 1 
1 
3 702 776 706 923 1 1 1 1 
1 
3 702 777 706 923 1 1 1 1 
3 706 777 700 923 1 1 1 1 
3 724 776 706 923 1 1 1 1 
3 702 776 704 923 1 1 1 1 
3 708 776 712 923 1 1 1 1 
3 702 776 706 923 1 1 1 1 
1 
3 702 777 706 923 1 1 1 1 
3 708 776 712 923 1 1 1 1 
1 
3 706 776 712 923 1 1 1 1 
1 
3 706 776 712 923 1 1 1 1 
3 708 776 712 923 1 1 1 1 
1 
3 726 776 712 923 1 1 1 1 
1 
3 702 776 704 923 1 1 1 1 
3 706 776 712 923 1 1 1 1 
1 
3 708 776 712 923 1 1 1 1 
1 
3 702 777 704 923 1 1 1 1 
1 
3 706 776 712 923 1 1 1 1 
1 
3 706 776 712 923 1 1 1 1 
1 
3 706 776 712 923 1 1 1 1 
3 706 776 712 923 1 1 1 1 
3 706 776 712 923 1 1 1 1 
1 
3 708 776 712 923 1 1 1 1 
3 706 776 712 923 1 1 1 1 
1 
3 706 776 712 923 1 1 1 1 
3 706 776 712 923 1 1 1 1 
1 
3 726 776 712 923 1 1 1 1 
1 
3 726 776 712 924 1 1 1 1 
3 712 776 704 923 1 1 1 1 
3 706 776 712 923 1 1 1 1 
1 
3 724 776 704 923 1 1 1 1 
1 
3 724 776 704 923 1 1 1 1 
1 
3 712 776 704 923 1 1 1 1 
3 706 776 712 923 1 1 1 1 
1 
3 702 777 704 923 1 1 1 1 
1 
3 708 776 712 923 1 1 1 1 
1 
3 702 777 704 923 1 1 1 1 
1 
3 708 776 712 923 1 1 1 1 
3 708 776 712 923 1 1 1 1 
1 
3 712 776 704 923 1 1 1 1 
1 
3 724 776 708 923 1 1 1 1 
1 
3 702 777 708 923 1 1 1 1 
3 702 777 708 923 1 1 1 1 
3 702 776 708 923 1 1 1 1 
1 
3 702 777 708 923 1 1 1 1 
1 
3 702 777 708 923 1 1 1 1 
1 
3 702 776 708 923 1 1 1 1 
1 
3 702 776 708 923 1 1 1 1 
3 702 777 708 923 1 1 1 1 
3 702 776 708 923 1 1 1 1 
3 706 774 712 923 1 1 1 1 
3 706 772 712 923 1 1 1 1 
3 702 774 708 923 1 1 1 1 
3 706 774 712 923 1 1 1 1 
3 706 774 712 923 1 1 1 1 
1 
3 706 772 712 923 1 1 1 1 
1 
3 706 772 712 923 1 1 1 1 
3 702 772 708 923 1 1 1 1 
3 702 772 708 923 1 1 1 1 
3 706 774 712 923 1 1 1 1 
3 702 774 708 923 1 1 1 1 
3 706 772 712 923 1 1 1 1 
3 702 776 708 923 1 1 1 1 
3 706 776 712 925 1 1 1 1 
3 702 776 708 925 1 1 1 1 
3 712 776 716 925 1 1 1 1 
3 724 776 708 923 1 1 1 1 
3 702 777 708 923 1 1 1 1 
3 702 776 708 923 1 1 1 1 
3 706 776 712 923 1 1 1 1 
3 702 776 708 923 1 1 1 1 
3 706 776 712 923 1 1 1 1 
1 
3 702 776 708 923 1 1 1 1 
3 706 776 712 923 1 1 1 1 
3 702 776 708 923 1 1 1 1 
3 706 776 712 923 1 1 1 1 
3 702 776 708 923 1 1 1 1 
3 702 776 708 923 1 1 1 1 
3 724 776 708 923 1 1 1 1 
3 724 776 708 923 1 1 1 1 
3 706 776 712 923 1 1 1 1 
3 706 776 712 923 1 1 1 1 
3 706 776 712 923 1 1 1 1 
3 706 776 712 923 1 1 1 1 
3 706 776 712 923 1 1 1 1 
3 716 776 716 923 1 1 1 1 
3 724 776 708 923 1 1 1 1 
3 712 776 704 923 1 1 1 1 
3 704 776 704 923 1 1 1 1 
1 
3 716 776 710 923 1 1 1 1 
1 
3 720 780 698 923 1 1 1 1 
1 
1 
1 
1 
3 722 776 708 923 1 1 1 1 
1 
3 722 780 696 921 1 1 1 1 
1 
3 722 780 696 921 1 1 1 1 
1 
3 698 780 702 921 1 1 1 1 
1 
3 722 780 696 921 1 1 1 1 
1 
3 720 778 706 923 1 1 1 1 
1 
3 696 780 700 921 1 1 1 1 
1 
3 712 776 706 923 1 1 1 1 
3 712 776 706 923 1 1 1 1 
3 712 776 706 923 1 1 1 1 
3 712 776 706 923 1 1 1 1 
3 724 776 705 923 1 1 1 1 
3 722 780 696 921 1 1 1 1 
3 722 778 702 923 1 1 1 1 
1 
3 722 778 702 923 1 1 1 1 
1 
3 722 778 702 923 1 1 1 1 
1 
3 720 778 704 923 1 1 1 1 
1 
1 
3 720 776 706 923 1 1 1 1 
1 
3 716 776 716 923 1 1 1 1 
3 718 776 716 923 1 1 1 1 
3 704 776 704 923 1 1 1 1 
3 720 776 704 923 1 1 1 1 
3 704 776 704 923 1 1 1 1 
3 724 776 704 923 1 1 1 1 
3 704 776 704 923 1 1 1 1 
3 704 776 704 923 1 1 1 1 
3 716 776 704 923 1 1 1 1 
3 720 776 704 923 1 1 1 1 
3 723 776 702 923 1 1 1 1 
3 723 776 704 923 1 1 1 1 
3 720 776 704 923 1 1 1 1 
3 716 776 710 923 1 1 1 1 
3 723 776 704 923 1 1 1 1 
1 
3 720 776 706 923 1 1 1 1 
3 724 776 704 923 1 1 1 1 
1 
1 
3 724 776 706 923 1 1 1 1 
1 
3 714 777 700 922 1 1 1 1 
1 
3 709 776 712 923 1 1 1 1 
3 724 776 708 923 1 1 1 1 
1 
3 718 776 710 923 1 1 1 1 
3 710 776 714 923 1 1 1 1 
3 720 776 714 923 1 1 1 1 
1 
3 714 776 705 923 1 1 1 1 
1 
3 710 776 714 923 1 1 1 1 
3 726 776 705 923 1 1 1 1 
1 
3 710 776 714 923 1 1 1 1 
3 720 776 714 923 1 1 1 1 
3 710 776 714 923 1 1 1 1 
1 
1 
3 720 776 701 922 1 1 1 1 
3 720 776 701 922 1 1 1 1 
3 712 776 714 923 1 1 1 1 
3 712 776 714 923 1 1 1 1 
3 720 776 714 923 1 1 1 1 
3 720 776 714 923 1 1 1 1 
3 720 776 714 923 1 1 1 1 
3 712 776 714 923 1 1 1 1 
1 
3 712 776 701 921 1 1 1 1 
3 712 776 714 923 1 1 1 1 
1 
3 712 776 714 923 1 1 1 1 
3 708 776 710 923 1 1 1 1 
1 
3 716 776 710 923 1 1 1 1 
1 
3 708 776 710 923 1 1 1 1 
1 
1 
3 718 776 710 923 1 1 1 1 
3 708 776 710 923 1 1 1 1 
3 724 776 720 912 1 1 1 1 
1 
1 
1 
3 724 776 705 923 1 1 1 1 
3 724 776 709 923 1 1 1 1 
3 726 776 712 923 1 1 1 1 
3 720 776 714 923 1 1 1 1 
3 720 776 701 922 1 1 1 1 
1 
1 
3 714 776 705 923 1 1 1 1 
3 706 776 712 923 1 1 1 1 
3 720 776 712 923 1 1 1 1 
1 
1 
3 724 776 705 923 1 1 1 1 
1 
3 722 776 714 923 1 1 1 1 
3 706 776 710 923 1 1 1 1 
1 
3 706 776 710 923 1 1 1 1 
1 
3 724 776 708 923 1 1 1 1 
1 
3 724 776 710 923 1 1 1 1 
3 711 776 706 923 1 1 1 1 
3 712 776 714 923 1 1 1 1 
3 720 776 714 923 1 1 1 1 
3 722 776 714 923 1 1 1 1 
3 720 776 714 923 1 1 1 1 
1 
3 720 776 706 923 1 1 1 1 
1 
3 720 776 714 923 1 1 1 1 
1 
3 722 776 714 923 1 1 1 1 
3 724 776 705 923 1 1 1 1 
1 
3 724 776 710 923 1 1 1 1 
3 706 776 710 923 1 1 1 1 
3 726 776 710 923 1 1 1 1 
3 708 776 710 923 1 1 1 1 
3 708 776 710 923 1 1 1 1 
1 
3 708 776 710 923 1 1 1 1 
3 706 776 710 923 1 1 1 1 
1 
3 706 776 710 923 1 1 1 1 
1 
3 708 776 710 923 1 1 1 1 
3 708 776 710 923 1 1 1 1 
3 712 776 714 923 1 1 1 1 
1 
3 712 777 701 923 1 1 1 1 
3 706 776 710 923 1 1 1 1 
1 
3 712 776 701 923 1 1 1 1 
1 
1 
1 
1 
1 
3 716 776 716 923 1 1 1 1 
3 722 776 698 919 1 1 1 1 
3 724 776 704 923 1 1 1 1 
3 724 776 708 923 1 1 1 1 
1 
1 
3 712 777 701 923 1 1 1 1 
3 712 778 701 923 1 1 1 1 
3 716 776 718 923 1 1 1 1 
3 724 776 708 923 1 1 1 1 
3 724 776 708 923 1 1 1 1 
3 724 777 701 923 1 1 1 1 
3 724 776 714 923 1 1 1 1 
3 724 776 708 923 1 1 1 1 
3 722 776 708 923 1 1 1 1 
3 724 776 708 923 1 1 1 1 
3 708 776 712 923 1 1 1 1 
3 720 776 704 923 1 1 1 1 
3 708 776 710 923 1 1 1 1 
3 726 776 704 923 1 1 1 1 
3 708 776 710 923 1 1 1 1 
3 708 776 710 923 1 1 1 1 
3 724 776 704 923 1 1 1 1 
3 726 776 704 923 1 1 1 1 
3 726 776 704 923 1 1 1 1 
3 708 776 710 923 1 1 1 1 
3 724 776 704 923 1 1 1 1 
3 726 776 704 923 1 1 1 1 
3 726 776 704 923 1 1 1 1 
3 708 776 710 923 1 1 1 1 
3 726 776 704 923 1 1 1 1 
3 716 776 710 923 1 1 1 1 
3 726 776 704 923 1 1 1 1 
3 716 776 710 923 1 1 1 1 
3 726 776 704 923 1 1 1 1 
3 708 776 710 923 1 1 1 1 
3 724 776 710 923 1 1 1 1 
3 708 776 710 923 1 1 1 1 
3 708 776 710 923 1 1 1 1 
3 724 776 704 923 1 1 1 1 
3 710 776 708 923 1 1 1 1 
3 716 776 718 923 1 1 1 1 
3 708 776 710 923 1 1 1 1 
3 720 776 708 923 1 1 1 1 
3 708 776 710 923 1 1 1 1 
3 704 777 704 923 1 1 1 1 
1 
3 704 776 704 923 1 1 1 1 
3 724 776 710 923 1 1 1 1 
3 726 776 704 923 1 1 1 1 
3 704 777 704 923 1 1 1 1 
3 710 776 704 923 1 1 1 1 
1 
3 704 776 704 923 1 1 1 1 
3 704 776 704 923 1 1 1 1 
3 716 776 710 923 1 1 1 1 
3 712 776 704 923 1 1 1 1 
3 716 776 710 923 1 1 1 1 
3 712 777 704 923 1 1 1 1 
3 702 778 704 923 1 1 1 1 
3 714 776 704 923 1 1 1 1 
3 726 777 704 923 1 1 1 1 
3 704 776 704 923 1 1 1 1 
3 712 777 704 923 1 1 1 1 
3 704 777 704 923 1 1 1 1 
3 716 776 710 923 1 1 1 1 
3 716 776 710 923 1 1 1 1 
3 714 776 704 923 1 1 1 1 
3 714 776 704 923 1 1 1 1 
3 714 777 704 923 1 1 1 1 
3 716 776 710 923 1 1 1 1 
3 714 777 704 923 1 1 1 1 
3 704 777 706 923 1 1 1 1 
3 714 776 704 923 1 1 1 1 
3 704 777 704 923 1 1 1 1 
3 712 777 704 923 1 1 1 1 
3 704 776 704 923 1 1 1 1 
3 716 776 710 923 1 1 1 1 
3 714 776 704 923 1 1 1 1 
3 712 777 704 923 1 1 1 1 
3 714 776 704 923 1 1 1 1 
3 704 776 704 923 1 1 1 1 
3 714 777 704 923 1 1 1 1 
3 704 776 704 923 1 1 1 1 
3 704 776 704 923 1 1 1 1 
3 712 776 704 923 1 1 1 1 
3 704 776 704 923 1 1 1 1 
3 712 777 704 923 1 1 1 1 
3 724 776 710 923 1 1 1 1 
3 714 776 708 923 1 1 1 1 
3 716 572 716 923 1 1 1 1 
3 720 770 716 923 1 1 1 1 
3 716 776 712 923 1 1 1 1 
3 716 776 712 923 1 1 1 1 
3 716 776 712 923 1 1 1 1 
3 716 776 712 923 1 1 1 1 
3 716 776 712 923 1 1 1 1 
3 710 774 704 923 1 1 1 1 
3 716 776 712 923 1 1 1 1 
3 724 774 708 923 1 1 1 1 
3 716 756 716 923 1 1 1 1 
3 718 756 716 923 1 1 1 1 
3 720 768 700 921 1 1 1 1 
3 720 772 700 921 1 1 1 1 
3 720 772 700 921 1 1 1 1 
3 720 772 700 922 1 1 1 1 
3 720 772 702 923 1 1 1 1 
3 720 776 700 921 1 1 1 1 
3 720 776 702 923 1 1 1 1 
3 722 778 702 923 1 1 1 1 
3 720 780 698 921 1 1 1 1 
3 722 778 702 923 1 1 1 1 
3 720 778 700 922 1 1 1 1 
3 720 778 702 923 1 1 1 1 
3 722 780 698 921 1 1 1 1 
3 722 778 700 922 1 1 1 1 
3 722 778 700 921 1 1 1 1 
3 722 780 698 921 1 1 1 1 
3 722 778 700 922 1 1 1 1 
3 722 780 698 921 1 1 1 1 
3 722 780 698 921 1 1 1 1 
3 722 778 698 921 1 1 1 1 
3 722 778 700 922 1 1 1 1 
3 722 778 702 923 1 1 1 1 
3 722 778 702 922 1 1 1 1 
3 722 778 702 923 1 1 1 1 
3 722 780 698 921 1 1 1 1 
3 724 778 702 923 1 1 1 1 
3 722 778 702 923 1 1 1 1 
3 722 778 700 922 1 1 1 1 
3 722 778 700 921 1 1 1 1 
3 724 780 698 921 1 1 1 1 
3 700 776 702 921 1 1 1 1 
3 722 778 700 921 1 1 1 1 
3 722 780 696 921 1 1 1 1 
3 694 780 698 919 1 1 1 1 
3 724 776 704 923 1 1 1 1 
3 720 780 696 921 1 1 1 1 
3 720 778 700 921 1 1 1 1 
3 696 780 700 920 1 1 1 1 
3 712 778 700 922 1 1 1 1 
3 696 780 700 921 1 1 1 1 
3 696 780 700 921 1 1 1 1 
3 696 780 702 919 1 1 1 1 
3 706 776 708 923 1 1 1 1 
3 702 777 706 919 1 1 1 1 
1 
1 
3 706 776 704 921 1 1 1 1 
3 720 0 708 921 1 1 1 1 
1 
1 
3 696 780 704 919 1 1 1 1 
3 696 780 704 919 1 1 1 1 
3 718 777 702 919 1 1 1 1 
1 
1 
1 
1 
1 
1 
1 
1 
1 
1 
1 
1 
1 
1 
1 
1 
1 
1 
1 
1 
1 
1 
3 714 778 700 921 1 1 1 1 
1 
3 698 778 712 921 1 1 1 1 
1 
1 
3 704 776 704 923 1 1 1 1 
3 720 776 706 923 1 1 1 1 
3 722 776 704 923 1 1 1 1 
3 702 776 708 925 1 1 1 1 
1 
3 716 776 715 927 1 1 1 1 
1 
3 702 776 708 923 1 1 1 1 
1 
3 724 776 708 923 1 1 1 1 
3 712 776 704 923 1 1 1 1 
1 
3 702 776 708 923 1 1 1 1 
3 702 777 708 923 1 1 1 1 
3 702 777 708 923 1 1 1 1 
3 702 777 708 923 1 1 1 1 
3 702 778 708 923 1 1 1 1 
3 702 777 708 923 1 1 1 1 
3 706 776 712 923 1 1 1 1 
3 702 776 708 923 1 1 1 1 
3 702 777 708 923 1 1 1 1 
3 702 777 708 923 1 1 1 1 
3 706 776 712 923 1 1 1 1 
3 702 777 708 923 1 1 1 1 
3 702 777 708 923 1 1 1 1 
3 702 776 708 923 1 1 1 1 
3 716 776 718 923 1 1 1 1 
3 702 777 708 923 1 1 1 1 
3 702 776 708 923 1 1 1 1 
3 702 776 708 923 1 1 1 1 
3 702 776 708 923 1 1 1 1 
3 702 777 708 923 1 1 1 1 
3 712 776 704 923 1 1 1 1 
3 702 776 708 923 1 1 1 1 
3 702 776 708 923 1 1 1 1 
3 712 776 704 923 1 1 1 1 
3 702 776 708 923 1 1 1 1 
1 
3 702 776 708 923 1 1 1 1 
3 702 776 708 923 1 1 1 1 
3 702 776 708 923 1 1 1 1 
3 702 776 708 923 1 1 1 1 
3 702 776 708 923 1 1 1 1 
3 702 776 708 923 1 1 1 1 
1 
3 724 776 708 923 1 1 1 1 
3 702 776 708 923 1 1 1 1 
1 
3 702 776 708 923 1 1 1 1 
1 
3 706 776 712 923 1 1 1 1 
3 702 776 708 923 1 1 1 1 
3 702 776 708 923 1 1 1 1 
3 702 776 708 923 1 1 1 1 
3 702 776 708 923 1 1 1 1 
1 
3 702 776 708 923 1 1 1 1 
3 702 776 708 923 1 1 1 1 
3 702 776 708 923 1 1 1 1 
3 702 776 708 923 1 1 1 1 
1 
3 702 776 708 923 1 1 1 1 
1 
3 724 776 704 923 1 1 1 1 
1 
3 702 776 708 923 1 1 1 1 
3 702 776 708 923 1 1 1 1 
1 
3 702 776 708 923 1 1 1 1 
3 706 776 712 923 1 1 1 1 
1 
3 706 776 712 923 1 1 1 1 
1 
3 706 776 712 923 1 1 1 1 
3 706 776 712 923 1 1 1 1 
1 
3 702 776 708 923 1 1 1 1 
1 
3 706 776 712 923 1 1 1 1 
3 716 776 715 925 1 1 1 1 
3 724 776 708 923 1 1 1 1 
3 706 776 712 923 1 1 1 1 
3 706 776 712 923 1 1 1 1 
3 706 776 712 923 1 1 1 1 
3 702 776 708 923 1 1 1 1 
1 
3 702 776 708 927 1 1 1 1 
1 
3 712 776 704 927 1 1 1 1 
3 716 776 715 927 1 1 1 1 
3 710 776 704 927 1 1 1 1 
3 716 776 704 925 1 1 1 1 
3 716 776 715 927 1 1 1 1 
3 723 776 706 923 1 1 1 1 
1 
1 
3 724 780 696 921 1 1 1 1 
1 
3 674 792 696 907 1 1 1 1 
3 702 778 706 921 1 1 1 1 
3 678 780 678 923 1 1 1 1 
1 
3 704 772 704 915 1 1 1 1 
3 694 768 698 915 1 1 1 1 
3 726 764 704 907 1 1 1 1 
3 701 768 704 913 1 1 1 1 
3 702 766 708 911 1 1 1 1 
3 724 764 708 911 1 1 1 1 
3 722 766 712 913 1 1 1 1 
3 702 766 708 911 1 1 1 1 
3 702 766 708 911 1 1 1 1 
3 706 764 712 911 1 1 1 1 
3 706 766 700 911 1 1 1 1 
1 
3 706 766 700 911 1 1 1 1 
3 706 764 712 911 1 1 1 1 
3 724 766 700 911 1 1 1 1 
3 706 764 712 911 1 1 1 1 
3 706 764 712 911 1 1 1 1 
3 706 766 700 911 1 1 1 1 
3 710 764 708 911 1 1 1 1 
3 706 766 700 911 1 1 1 1 
3 706 764 712 911 1 1 1 1 
3 706 764 712 911 1 1 1 1 
3 706 766 700 911 1 1 1 1 
3 706 764 712 911 1 1 1 1 
3 706 766 700 911 1 1 1 1 
3 706 764 712 911 1 1 1 1 
3 706 764 712 911 1 1 1 1 
3 706 766 700 911 1 1 1 1 
3 706 766 700 911 1 1 1 1 
3 706 764 712 911 1 1 1 1 
1 
3 706 766 700 911 1 1 1 1 
3 706 764 712 911 1 1 1 1 
3 706 766 700 911 1 1 1 1 
3 706 766 700 915 1 1 1 1 
3 712 764 718 915 1 1 1 1 
3 706 766 700 915 1 1 1 1 
3 706 766 700 913 1 1 1 1 
3 706 764 700 911 1 1 1 1 
3 706 766 700 911 1 1 1 1 
3 706 766 700 911 1 1 1 1 
1 
3 706 766 700 911 1 1 1 1 
3 706 766 700 911 1 1 1 1 
3 706 766 700 911 1 1 1 1 
3 706 766 700 911 1 1 1 1 
3 706 766 700 911 1 1 1 1 
3 706 766 700 911 1 1 1 1 
3 726 764 704 911 1 1 1 1 
3 706 766 700 911 1 1 1 1 
3 706 766 700 911 1 1 1 1 
1 
3 706 766 700 911 1 1 1 1 
1 
3 706 766 700 911 1 1 1 1 
3 706 766 700 911 1 1 1 1 
3 706 766 700 911 1 1 1 1 
3 706 766 700 911 1 1 1 1 
3 706 766 700 911 1 1 1 1 
3 706 766 700 911 1 1 1 1 
3 706 766 700 911 1 1 1 1 
3 706 766 700 911 1 1 1 1 
3 706 766 700 911 1 1 1 1 
3 706 766 700 911 1 1 1 1 
3 706 766 700 911 1 1 1 1 
3 706 766 700 911 1 1 1 1 
1 
3 706 766 700 911 1 1 1 1 
3 706 766 700 911 1 1 1 1 
3 706 766 700 911 1 1 1 1 
3 706 766 700 911 1 1 1 1 
3 706 766 700 911 1 1 1 1 
1 
3 706 766 700 911 1 1 1 1 
3 706 766 700 911 1 1 1 1 
-1 
1 
1 
